vector = [5 7 6 1 3]

matrix = [9 2 5 1; 3 5 1 7]

skaler = 4
